610 70 3 2 3 5
506 127.5 4 1 4 5 8
714 127.5 4 1 5 6 9
402 185 4 2 7 8 12
610 185 6 1 2 3 8 9 13
818 185 4 3 9 10 14
298 242.5 4 4 11 12 16
506 242.5 6 2 4 5 12 13 17
714 242.5 6 3 5 6 13 14 18
922 242.5 4 6 14 15 19
194 300 3 7 16 20
402 300 6 4 7 8 16 17 21
610 300 6 5 8 9 17 18 22
818 300 6 6 9 10 18 19 23
1026 300 3 10 19 24
298 357.5 6 7 11 12 20 21 25
506 357.5 6 8 12 13 21 22 26
714 357.5 6 9 13 14 22 23 27
922 357.5 6 10 14 15 23 24 28
194 415 4 11 16 25 29
402 415 6 12 16 17 25 26 30
610 415 6 13 17 18 26 27 31
818 415 6 14 18 19 27 28 32
1026 415 4 15 19 28 33
298 472.5 6 16 20 21 29 30 34
506 472.5 6 17 21 22 30 31 35
714 472.5 6 18 22 23 31 32 36
922 472.5 6 19 23 24 32 33 37
194 530 4 20 25 34 38
402 530 6 21 25 26 34 35 39
610 530 6 22 26 27 35 36 40
818 530 6 23 27 28 36 37 41
1026 530 4 24 28 37 42
298 587.5 6 25 29 30 38 39 43
506 587.5 6 26 30 31 39 40 44
714 587.5 6 27 31 32 40 41 45
922 587.5 6 28 32 33 41 42 46
194 645 4 29 34 43 47
402 645 6 30 34 35 43 44 48
610 645 6 31 35 36 44 45 49
818 645 6 32 36 37 45 46 50
1026 645 4 33 37 46 51
298 702.5 6 34 38 39 47 48 52
506 702.5 6 35 39 40 48 49 53
714 702.5 6 36 40 41 49 50 54
922 702.5 6 37 41 42 50 51 55
194 760 3 38 43 52
402 760 6 39 43 44 52 53 56
610 760 6 40 44 45 53 54 57
818 760 6 41 45 46 54 55 58
1026 760 3 42 46 55
298 817.5 4 43 47 48 56
506 817.5 6 44 48 49 56 57 59
714 817.5 6 45 49 50 57 58 60
922 817.5 4 46 50 51 58
402 875 4 48 52 53 59
610 875 6 49 53 54 59 60 61
818 875 4 50 54 55 60
506 932.5 4 53 56 57 61
714 932.5 4 54 57 58 61
610 990 3 57 59 60
